**********COVER******REFLECTANCE**************SPEED*******TEXTURE_ADDRESS****
**********************FREQUENCY**********************************************
*******128**256**512**1024**2048**4096**10000********************************
*****************************************************************************
Кирпич|0,02|0,03|0,03|0,04|0,05|0,05|0,06|3600|ProjectTextures\brick.jpg
Цемент|0,01|0,01|0,02|0,02|0,02|0,03|0,04|4300|ProjectTextures\concrete.jpg
Сталь|0,4|0,4|0,4|0,05|0,05|0,07|0,08|6000|ProjectTextures\steel.bmp
Бетон|0,01|0,01|0,01|0,02|0,02|0,02|0,03|4500|ProjectTextures\beton.jpg
Гранит|0,01|0,01|0,01|0,01|0,02|0,02|0,03|3850|ProjectTextures\granit.jpg
Мрамор|0,01|0,01|0,01|0,01|0,02|0,02|0,03|6100|ProjectTextures\marble.jpg
Дерево|0,1|0,1|0,1|0,08|0,08|0,11|0,13|4000|ProjectTextures\wood.jpg
Остекление|0,3|0,2|0,15|0,1|0,06|0,04|0,05|4450|ProjectTextures\glass.png
Ковёр|0,09|1|0,3|1|0,37|1|1|1100|ProjectTextures\carpet.jpg
*EOF*
